world: world
x: -73.58838619151958
y: 65.0
z: 22.473675345770925
yaw: -85.16213
pitch: 4.207816
